Finish Load the Training data and labels!!!

round  1
first 3 of random select [990, 480, 238]
chosen num 94
not chosen num 1366

round  2
first 3 of random select [307, 1409, 765]
chosen num 133
not chosen num 1327

round  3
first 3 of random select [681, 829, 1407]
chosen num 145
not chosen num 1315

round  4
first 3 of random select [843, 589, 743]
chosen num 154
not chosen num 1306

round  5
first 3 of random select [1054, 851, 1119]
chosen num 157
not chosen num 1303

round  6
first 3 of random select [384, 217, 375]
chosen num 160
not chosen num 1300

round  7
first 3 of random select [666, 533, 636]
chosen num 163
not chosen num 1297

round  8
first 3 of random select [340, 1217, 355]
chosen num 169
not chosen num 1291

round  9
first 3 of random select [604, 1223, 1345]
chosen num 169
not chosen num 1291

round  10
first 3 of random select [788, 355, 944]
chosen num 169
not chosen num 1291

round  11
first 3 of random select [1274, 649, 1069]
chosen num 173
not chosen num 1287

round  12
first 3 of random select [1048, 770, 263]
chosen num 173
not chosen num 1287

round  13
first 3 of random select [544, 1433, 1066]
chosen num 173
not chosen num 1287

round  14
first 3 of random select [718, 1387, 164]
chosen num 173
not chosen num 1287

round  15
first 3 of random select [1003, 379, 1379]
chosen num 174
not chosen num 1286

round  16
first 3 of random select [310, 1364, 433]
chosen num 174
not chosen num 1286

round  17
first 3 of random select [196, 65, 1074]
chosen num 174
not chosen num 1286

round  18
first 3 of random select [1311, 1193, 1027]
chosen num 174
not chosen num 1286

round  19
first 3 of random select [883, 683, 245]
chosen num 174
not chosen num 1286

round  20
first 3 of random select [456, 943, 683]
chosen num 174
not chosen num 1286

 chosen label count
 {6: 20, 45: 30, 46: 30, 34: 13, 32: 30, 5: 30, 2: 31, 24: 8, 1: 8, 36: 30, 39: 30, 40: 11, 19: 23, 20: 30, 22: 20, 21: 27, 3: 2, 4: 5, 11: 30, 42: 8, 10: 12, 43: 7, 12: 17, 44: 14, 14: 30, 15: 19, 26: 9, 27: 15, 17: 14, 28: 9, 29: 11, 30: 8, 23: 7, 25: 6, 37: 28, 13: 12, 33: 21, 18: 11, 16: 1, 7: 7, 47: 5, 38: 3, 31: 1, 35: 2, 41: 3}

segs contain label 16
 [73, 86, 96, 220, 241, 251, 344, 353, 367, 524, 534, 1422, 1430, 1440, 1448, 1458]
73   [16, 10, 11, 13, 15]
86   [16, 10, 11, 13, 15]
96   [16, 10, 11, 13, 15]
220   [4, 16, 11, 26, 2, 27, 10, 28, 29, 14, 30]
241   [4, 16, 11, 26, 2, 27, 10, 28, 29, 14, 30]
251   [4, 16, 11, 26, 2, 27, 10, 28, 29, 14, 30]
344   [10, 16, 11, 12, 13, 15]
353   [10, 16, 11, 12, 13, 15]
367   [10, 16, 11, 12, 13, 15]
524   [16, 17, 11, 12, 14, 13, 15]
534   [16, 17, 11, 12, 14, 13, 15]
1422   [16, 17, 11, 12, 44, 14, 15]
1430   [16, 17, 11, 12, 44, 14, 15]
1440   [16, 17, 11, 12, 44, 14, 15]
1448   [16, 17, 11, 12, 44, 14, 15]
1458   [16, 17, 11, 12, 44, 14, 15]

segs contain label 31
 [356, 370, 379, 388, 395, 401, 601, 623]
356   [11, 2, 27, 31, 27, 31, 27, 28, 29, 14, 29, 30]
370   [11, 2, 27, 31, 27, 31, 27, 28, 29, 14, 29, 30]
379   [11, 2, 31, 27, 10, 28, 29, 30]
388   [11, 2, 31, 27, 10, 28, 29, 30]
395   [11, 2, 31, 27, 10, 28, 29, 30]
401   [11, 2, 31, 27, 10, 28, 29, 30]
601   [11, 31, 2, 27, 10, 28, 29, 30]
623   [11, 31, 2, 27, 10, 28, 29, 30]

segs contain label 41
 [142, 163, 172, 576, 585, 593, 603, 615, 625]
142   [18, 36, 41, 37, 39]
163   [18, 36, 41, 37, 39]
172   [18, 36, 41, 37, 39]
576   [36, 41, 37, 38, 39, 40]
585   [36, 41, 37, 38, 39, 40]
593   [36, 41, 37, 38, 39, 40]
603   [36, 41, 37, 39]
615   [36, 41, 37, 39]
625   [36, 41, 37, 39]

segs contain label 23
 [550, 560, 755, 765, 781, 946, 955, 965, 1108, 1118, 1130, 1139, 1148, 1158, 1171, 1181, 1237, 1247, 1256, 1265, 1275]
550   [19, 23, 20, 21]
560   [19, 23, 20, 21]
755   [14, 18, 19, 23, 20, 22, 21, 20, 21]
765   [14, 18, 19, 23, 20, 22, 21, 20, 21]
781   [14, 18, 19, 23, 20, 22, 21, 20, 21]
946   [19, 23, 20, 22, 21]
955   [19, 23, 20, 22, 21]
965   [19, 23, 20, 22, 21]
1108   [14, 22, 19, 23, 20, 21]
1118   [14, 22, 19, 23, 20, 21]
1130   [14, 22, 19, 23, 20, 21]
1139   [14, 22, 19, 23, 20, 21]
1148   [14, 18, 19, 23, 20, 22, 21]
1158   [14, 18, 19, 23, 20, 22, 21]
1171   [14, 18, 19, 23, 20, 22, 21]
1181   [14, 18, 19, 23, 20, 22, 21]
1237   [14, 19, 23, 20, 22, 21]
1247   [14, 19, 23, 20, 22, 21]
1256   [14, 19, 23, 20, 22, 21]
1265   [14, 19, 23, 20, 22, 21]
1275   [14, 19, 23, 20, 22, 21]

segs contain label 38
 [6, 15, 24, 34, 490, 496, 506, 516, 529, 539, 545, 554, 564, 569, 576, 585, 593]
6   [36, 37, 38, 39, 40]
15   [36, 37, 38, 39, 40]
24   [36, 37, 38, 39, 40]
34   [36, 37, 38, 39, 40]
490   [36, 37, 38, 39]
496   [36, 37, 38, 39]
506   [36, 37, 38, 39]
516   [36, 37, 38, 39]
529   [36, 37, 38, 39]
539   [36, 37, 38, 39]
545   [36, 37, 38, 39]
554   [36, 37, 38, 39, 40]
564   [36, 37, 38, 39, 40]
569   [36, 37, 38, 39, 40]
576   [36, 41, 37, 38, 39, 40]
585   [36, 41, 37, 38, 39, 40]
593   [36, 41, 37, 38, 39, 40]

segs contain label 4
 [109, 122, 131, 136, 141, 145, 149, 156, 162, 171, 175, 181, 185, 195, 201, 205, 211, 215, 220, 221, 225, 232, 237, 241, 242, 246, 251, 252, 256, 261, 264, 271, 273, 280, 286, 288, 290, 296, 298, 380, 389, 402, 745, 749, 753, 758, 762, 768, 772, 775, 778, 784, 788, 793, 796, 802, 806, 814, 820, 824, 830, 834, 844, 854, 864, 874, 890, 899, 918, 928, 935, 940, 941, 944, 948, 949, 952, 957, 958, 962, 967, 968, 972, 976, 981, 986, 991, 997, 1002, 1007, 1012, 1017, 1027, 1035, 1041, 1051, 1061, 1071, 1085, 1095, 1105, 1111, 1115, 1121, 1125, 1127, 1133, 1136, 1142, 1146, 1151, 1155, 1161, 1165, 1168, 1174, 1178, 1184, 1188, 1194, 1198, 1203, 1207, 1211, 1215, 1221, 1230, 1234, 1240, 1244, 1250, 1254, 1262, 1268, 1272, 1278, 1282, 1287, 1289, 1291, 1297, 1299, 1301, 1305, 1308, 1314, 1316, 1318, 1324, 1326, 1335, 1344, 1353, 1363, 1383, 1392, 1402, 1412]
109   [4, 11, 26, 2, 17, 27, 28, 29, 14, 30]
122   [4, 11, 26, 2, 17, 27, 28, 29, 14, 30]
131   [4, 11, 26, 2, 17, 27, 28, 29, 14, 30]
136   [4, 1, 2, 3]
141   [32, 4, 33]
145   [4, 1, 2, 3]
149   [4, 1, 2, 3]
156   [4, 1, 2, 3]
162   [32, 4, 33]
171   [32, 4, 33]
175   [4, 1, 2]
181   [32, 34, 32, 34, 32, 4, 33]
185   [4, 1, 2]
195   [4, 1, 2]
201   [32, 34, 32, 34, 32, 4, 33]
205   [4, 1, 2]
211   [32, 34, 32, 34, 32, 4, 33]
215   [4, 1, 2, 3]
220   [4, 16, 11, 26, 2, 27, 10, 28, 29, 14, 30]
221   [32, 4, 33, 32, 33, 32, 33, 35]
225   [4, 1, 2, 3]
232   [4, 1, 2, 3]
237   [4, 1, 2, 3]
241   [4, 16, 11, 26, 2, 27, 10, 28, 29, 14, 30]
242   [32, 4, 33, 32, 33, 32, 33, 35]
246   [4, 1, 2, 3]
251   [4, 16, 11, 26, 2, 27, 10, 28, 29, 14, 30]
252   [32, 4, 33, 32, 33, 32, 33, 35]
256   [4, 1, 2, 3]
261   [14, 32, 34, 32, 4, 33, 35]
264   [4, 1, 2, 3]
271   [4, 11, 42, 10, 43, 12, 44, 14, 15]
273   [4, 1, 2, 3]
280   [4, 1, 2, 3]
286   [14, 32, 34, 32, 4, 33, 35]
288   [4, 11, 42, 10, 43, 12, 44, 14, 15]
290   [4, 1, 2, 3]
296   [14, 32, 34, 32, 4, 33, 35]
298   [4, 11, 42, 10, 43, 12, 44, 14, 15]
380   [32, 4, 33]
389   [32, 4, 33]
402   [32, 4, 33]
745   [4, 1, 2]
749   [32, 4, 33, 32, 34, 32, 33]
753   [4, 1, 2]
758   [32, 4, 33, 32, 34, 32, 33]
762   [4, 1, 2]
768   [32, 4, 33, 32, 34, 32, 33]
772   [4, 1, 2]
775   [32, 4, 33, 32, 34, 32, 33]
778   [4, 1, 2]
784   [32, 4, 33, 32, 34, 32, 33]
788   [4, 1, 2]
793   [14, 32, 4, 33, 34, 32, 33]
796   [4, 1, 2]
802   [14, 32, 4, 33, 34, 32, 33]
806   [4, 1, 2]
814   [4, 1, 2]
820   [14, 32, 4, 33, 34, 32, 33]
824   [4, 1, 2]
830   [14, 32, 4, 33, 34, 32, 33]
834   [4, 1, 2, 3]
844   [4, 1, 2, 3]
854   [4, 1, 2, 3]
864   [4, 1, 2, 3]
874   [4, 1, 2, 3]
890   [14, 34, 32, 4, 33]
899   [14, 34, 32, 4, 33]
918   [14, 34, 32, 4, 33]
928   [14, 34, 32, 4, 33]
935   [4, 1, 2]
940   [4, 26, 2, 11, 27, 17, 28, 29]
941   [14, 32, 4, 33, 32, 34, 32, 33]
944   [4, 1, 2]
948   [4, 26, 2, 11, 27, 17, 28, 29]
949   [14, 32, 4, 33, 32, 34, 32, 33]
952   [4, 1, 2]
957   [4, 26, 2, 11, 27, 17, 28, 29]
958   [14, 32, 4, 33, 32, 34, 32, 33]
962   [4, 1, 2]
967   [4, 26, 2, 11, 27, 17, 28, 29]
968   [14, 32, 4, 33, 32, 34, 32, 33]
972   [4, 1, 2]
976   [4, 26, 11, 2, 27, 17, 28, 29]
981   [4, 1, 2]
986   [4, 26, 11, 2, 27, 17, 28, 29]
991   [4, 1, 2]
997   [4, 1, 2]
1002   [4, 26, 11, 2, 27, 17, 28, 29]
1007   [4, 1, 2]
1012   [4, 26, 11, 2, 27, 17, 28, 29]
1017   [4, 1, 2]
1027   [4, 1, 2]
1035   [4, 1, 2]
1041   [4, 1, 2]
1051   [4, 1, 2]
1061   [4, 1, 2, 3]
1071   [4, 1, 2, 3]
1085   [4, 1, 2, 3]
1095   [4, 1, 2, 3]
1105   [4, 1, 2]
1111   [14, 4, 32, 34, 32, 33, 32, 33, 32, 33, 32, 33, 32, 33, 32, 33, 35]
1115   [4, 1, 2]
1121   [14, 4, 32, 34, 32, 33, 32, 33, 32, 33, 32, 33, 32, 33, 32, 33, 35]
1125   [4, 1, 2]
1127   [4, 1, 2]
1133   [14, 4, 32, 34, 32, 33, 32, 33, 32, 33, 32, 33, 32, 33, 32, 33, 35]
1136   [4, 1, 2]
1142   [14, 4, 32, 34, 32, 33, 32, 33, 32, 33, 32, 33, 32, 33, 32, 33, 35]
1146   [4, 1, 2]
1151   [14, 4, 32, 33, 32, 34, 32, 33]
1155   [4, 1, 2]
1161   [14, 4, 32, 33, 32, 34, 32, 33]
1165   [4, 1, 2]
1168   [4, 1, 2]
1174   [14, 4, 32, 33, 32, 34, 32, 33]
1178   [4, 1, 2]
1184   [14, 4, 32, 33, 32, 34, 32, 33]
1188   [4, 1, 2]
1194   [4, 34, 32, 33, 32, 34, 32, 34, 32, 33, 35]
1198   [4, 1, 2]
1203   [4, 34, 32, 33, 32, 34, 32, 34, 32, 33, 35]
1207   [4, 1, 2]
1211   [4, 34, 32, 33, 32, 34, 32, 34, 32, 33, 35]
1215   [4, 1, 2]
1221   [4, 34, 32, 33, 32, 34, 32, 34, 32, 33, 35]
1230   [4, 34, 32, 33, 32, 34, 32, 34, 32, 33, 35]
1234   [4, 1, 2]
1240   [18, 14, 32, 4, 33, 32, 34, 32, 33]
1244   [4, 1, 2]
1250   [18, 14, 32, 4, 33, 32, 34, 32, 33]
1254   [4, 1, 2]
1262   [4, 1, 2]
1268   [18, 14, 32, 4, 33, 32, 34, 32, 33]
1272   [4, 1, 2]
1278   [18, 14, 32, 4, 33, 32, 34, 32, 33]
1282   [4, 1, 2, 3]
1287   [4, 32, 33, 32, 34, 33, 34, 32, 33]
1289   [17, 4, 11, 12, 17, 42, 43, 44, 14, 15]
1291   [4, 1, 2, 3]
1297   [4, 32, 33, 32, 34, 33, 34, 32, 33]
1299   [17, 4, 11, 12, 17, 42, 43, 44, 14, 15]
1301   [4, 1, 2, 3]
1305   [4, 32, 33, 32, 34, 33, 34, 32, 33]
1308   [4, 1, 2, 3]
1314   [4, 32, 33, 32, 34, 33, 34, 32, 33]
1316   [17, 4, 11, 12, 17, 42, 43, 44, 14, 15]
1318   [4, 1, 2, 3]
1324   [4, 32, 33, 32, 34, 33, 34, 32, 33]
1326   [17, 4, 11, 12, 17, 42, 43, 44, 14, 15]
1335   [4, 1, 2]
1344   [4, 1, 2]
1353   [4, 1, 2]
1363   [4, 1, 2]
1383   [34, 32, 4, 33]
1392   [34, 32, 4, 33]
1402   [34, 32, 4, 33]
1412   [34, 32, 4, 33]

segs contain label 47
 [843, 853, 863, 873, 883, 1070, 1080, 1084, 1094, 1104]
843   [6, 45, 46, 7, 47]
853   [6, 45, 46, 7, 47]
863   [6, 45, 46, 7, 47]
873   [6, 45, 46, 7, 47]
883   [6, 45, 46, 7, 47]
1070   [45, 46, 7, 47]
1080   [45, 46, 7, 47]
1084   [45, 46, 7, 47]
1094   [45, 46, 7, 47]
1104   [45, 46, 7, 47]

segs contain label 3
 [71, 80, 84, 94, 136, 145, 149, 156, 215, 225, 232, 237, 246, 256, 264, 273, 280, 290, 300, 310, 322, 332, 375, 383, 392, 396, 406, 416, 431, 483, 596, 606, 609, 618, 705, 715, 725, 735, 834, 844, 854, 864, 874, 1061, 1071, 1085, 1095, 1282, 1291, 1301, 1308, 1318, 1373, 1377, 1387, 1396, 1406, 1416, 1423, 1432, 1442, 1450]
71   [1, 2, 3]
80   [1, 2, 3]
84   [1, 2, 3]
94   [1, 2, 3]
136   [4, 1, 2, 3]
145   [4, 1, 2, 3]
149   [4, 1, 2, 3]
156   [4, 1, 2, 3]
215   [4, 1, 2, 3]
225   [4, 1, 2, 3]
232   [4, 1, 2, 3]
237   [4, 1, 2, 3]
246   [4, 1, 2, 3]
256   [4, 1, 2, 3]
264   [4, 1, 2, 3]
273   [4, 1, 2, 3]
280   [4, 1, 2, 3]
290   [4, 1, 2, 3]
300   [1, 2, 3]
310   [1, 2, 3]
322   [1, 2, 3]
332   [1, 2, 3]
375   [1, 2, 3]
383   [1, 2, 3]
392   [1, 2, 3]
396   [1, 2, 3]
406   [1, 2, 3]
416   [1, 2, 3]
431   [1, 2, 3]
483   [1, 2, 3]
596   [1, 2, 3]
606   [1, 2, 3]
609   [1, 2, 3]
618   [1, 2, 3]
705   [1, 2, 3]
715   [1, 2, 3]
725   [1, 2, 3]
735   [1, 2, 3]
834   [4, 1, 2, 3]
844   [4, 1, 2, 3]
854   [4, 1, 2, 3]
864   [4, 1, 2, 3]
874   [4, 1, 2, 3]
1061   [4, 1, 2, 3]
1071   [4, 1, 2, 3]
1085   [4, 1, 2, 3]
1095   [4, 1, 2, 3]
1282   [4, 1, 2, 3]
1291   [4, 1, 2, 3]
1301   [4, 1, 2, 3]
1308   [4, 1, 2, 3]
1318   [4, 1, 2, 3]
1373   [1, 2, 3]
1377   [1, 2, 3]
1387   [1, 2, 3]
1396   [1, 2, 3]
1406   [1, 2, 3]
1416   [1, 2, 3]
1423   [1, 2, 3]
1432   [1, 2, 3]
1442   [1, 2, 3]
1450   [1, 2, 3]

segs contain label 8
 [105, 118, 137, 146, 150, 157, 166, 638, 835, 845, 855, 865, 875, 885, 895, 904, 913, 923, 1106, 1116, 1128, 1137, 1235, 1245, 1255, 1263, 1273, 1292, 1302, 1319, 1378, 1388, 1397, 1407, 1424, 1433, 1443, 1451]
105   [6, 5, 2, 7, 8]
118   [6, 5, 2, 7, 8]
137   [6, 5, 2, 7, 8]
146   [6, 5, 2, 7, 8]
150   [6, 5, 2, 7, 8]
157   [6, 5, 2, 7, 8]
166   [6, 5, 2, 7, 8]
638   [5, 7, 8]
835   [6, 5, 7, 2, 8]
845   [6, 5, 7, 2, 8]
855   [6, 5, 7, 2, 8]
865   [6, 5, 7, 2, 8]
875   [6, 5, 7, 2, 8]
885   [6, 5, 2, 9, 8]
895   [6, 5, 2, 9, 8]
904   [6, 5, 2, 9, 8]
913   [6, 5, 2, 9, 8]
923   [6, 5, 2, 9, 8]
1106   [5, 2, 7, 8]
1116   [5, 2, 7, 8]
1128   [5, 2, 7, 8]
1137   [5, 2, 7, 8]
1235   [5, 9, 2, 8]
1245   [5, 9, 2, 8]
1255   [5, 9, 2, 8]
1263   [5, 9, 2, 8]
1273   [5, 9, 2, 8]
1292   [6, 5, 7, 2, 8]
1302   [6, 5, 7, 2, 8]
1319   [6, 5, 7, 2, 8]
1378   [6, 5, 2, 9, 8]
1388   [6, 5, 2, 9, 8]
1397   [6, 5, 2, 9, 8]
1407   [6, 5, 2, 9, 8]
1424   [6, 5, 2, 9, 8]
1433   [6, 5, 2, 9, 8]
1443   [6, 5, 2, 9, 8]
1451   [6, 5, 2, 9, 8]

segs contain label 7
 [105, 118, 137, 146, 150, 157, 166, 638, 666, 676, 686, 696, 835, 843, 845, 853, 855, 863, 865, 873, 875, 883, 1070, 1080, 1084, 1094, 1104, 1106, 1116, 1128, 1137, 1243, 1253, 1261, 1271, 1281, 1292, 1302, 1319]
105   [6, 5, 2, 7, 8]
118   [6, 5, 2, 7, 8]
137   [6, 5, 2, 7, 8]
146   [6, 5, 2, 7, 8]
150   [6, 5, 2, 7, 8]
157   [6, 5, 2, 7, 8]
166   [6, 5, 2, 7, 8]
638   [5, 7, 8]
666   [5, 7, 2]
676   [5, 7, 2]
686   [5, 7, 2]
696   [5, 7, 2]
835   [6, 5, 7, 2, 8]
843   [6, 45, 46, 7, 47]
845   [6, 5, 7, 2, 8]
853   [6, 45, 46, 7, 47]
855   [6, 5, 7, 2, 8]
863   [6, 45, 46, 7, 47]
865   [6, 5, 7, 2, 8]
873   [6, 45, 46, 7, 47]
875   [6, 5, 7, 2, 8]
883   [6, 45, 46, 7, 47]
1070   [45, 46, 7, 47]
1080   [45, 46, 7, 47]
1084   [45, 46, 7, 47]
1094   [45, 46, 7, 47]
1104   [45, 46, 7, 47]
1106   [5, 2, 7, 8]
1116   [5, 2, 7, 8]
1128   [5, 2, 7, 8]
1137   [5, 2, 7, 8]
1243   [6, 45, 46, 7]
1253   [6, 45, 46, 7]
1261   [6, 45, 46, 7]
1271   [6, 45, 46, 7]
1281   [6, 45, 46, 7]
1292   [6, 5, 7, 2, 8]
1302   [6, 5, 7, 2, 8]
1319   [6, 5, 7, 2, 8]

segs contain label 40
 [6, 15, 24, 34, 44, 77, 91, 101, 381, 390, 403, 554, 564, 569, 576, 585, 593, 634, 644, 653, 662, 672, 682, 692, 702, 712, 722, 732, 742, 750, 759, 769, 776, 785, 841, 851, 861, 871, 881, 1024, 1048, 1058, 1068, 1078, 1092, 1102, 1112, 1122, 1134, 1143, 1152, 1162, 1175, 1185, 1195, 1204, 1212, 1222, 1231, 1288, 1298, 1306, 1315, 1325, 1360, 1370, 1384, 1393, 1403, 1413, 1421, 1439, 1457]
6   [36, 37, 38, 39, 40]
15   [36, 37, 38, 39, 40]
24   [36, 37, 38, 39, 40]
34   [36, 37, 38, 39, 40]
44   [36, 39, 40]
77   [36, 39, 40]
91   [36, 39, 40]
101   [36, 39, 40]
381   [36, 37, 39, 40]
390   [36, 37, 39, 40]
403   [36, 37, 39, 40]
554   [36, 37, 38, 39, 40]
564   [36, 37, 38, 39, 40]
569   [36, 37, 38, 39, 40]
576   [36, 41, 37, 38, 39, 40]
585   [36, 41, 37, 38, 39, 40]
593   [36, 41, 37, 38, 39, 40]
634   [36, 37, 39, 40]
644   [36, 37, 39, 40]
653   [36, 37, 39, 40]
662   [36, 37, 39, 40]
672   [36, 37, 39, 40]
682   [36, 37, 39, 40]
692   [36, 37, 39, 40]
702   [36, 37, 39, 40]
712   [36, 37, 39, 40]
722   [36, 37, 39, 40]
732   [36, 37, 39, 40]
742   [36, 37, 39, 40]
750   [36, 37, 39, 40]
759   [36, 37, 39, 40]
769   [36, 37, 39, 40]
776   [36, 37, 39, 40]
785   [36, 37, 39, 40]
841   [36, 18, 37, 39, 40]
851   [36, 18, 37, 39, 40]
861   [36, 18, 37, 39, 40]
871   [36, 18, 37, 39, 40]
881   [36, 18, 37, 39, 40]
1024   [36, 39, 40]
1048   [36, 39, 40]
1058   [36, 39, 40]
1068   [36, 39, 40]
1078   [36, 39, 40]
1092   [36, 39, 40]
1102   [36, 39, 40]
1112   [36, 37, 39, 40]
1122   [36, 37, 39, 40]
1134   [36, 37, 39, 40]
1143   [36, 37, 39, 40]
1152   [14, 36, 37, 39, 40]
1162   [14, 36, 37, 39, 40]
1175   [14, 36, 37, 39, 40]
1185   [14, 36, 37, 39, 40]
1195   [36, 37, 39, 40]
1204   [36, 37, 39, 40]
1212   [36, 37, 39, 40]
1222   [36, 37, 39, 40]
1231   [36, 37, 39, 40]
1288   [36, 37, 39, 40]
1298   [36, 37, 39, 40]
1306   [36, 37, 39, 40]
1315   [36, 37, 39, 40]
1325   [36, 37, 39, 40]
1360   [18, 36, 37, 39, 40]
1370   [18, 36, 37, 39, 40]
1384   [36, 37, 39, 40]
1393   [36, 37, 39, 40]
1403   [36, 37, 39, 40]
1413   [36, 37, 39, 40]
1421   [36, 37, 39, 40]
1439   [36, 37, 39, 40]
1457   [36, 37, 39, 40]

segs contain label 9
 [885, 895, 904, 913, 923, 1235, 1245, 1255, 1263, 1273, 1378, 1388, 1397, 1407, 1424, 1431, 1433, 1441, 1443, 1449, 1451, 1459]
885   [6, 5, 2, 9, 8]
895   [6, 5, 2, 9, 8]
904   [6, 5, 2, 9, 8]
913   [6, 5, 2, 9, 8]
923   [6, 5, 2, 9, 8]
1235   [5, 9, 2, 8]
1245   [5, 9, 2, 8]
1255   [5, 9, 2, 8]
1263   [5, 9, 2, 8]
1273   [5, 9, 2, 8]
1378   [6, 5, 2, 9, 8]
1388   [6, 5, 2, 9, 8]
1397   [6, 5, 2, 9, 8]
1407   [6, 5, 2, 9, 8]
1424   [6, 5, 2, 9, 8]
1431   [6, 46, 45, 9]
1433   [6, 5, 2, 9, 8]
1441   [6, 46, 45, 9]
1443   [6, 5, 2, 9, 8]
1449   [6, 46, 45, 9]
1451   [6, 5, 2, 9, 8]
1459   [6, 46, 45, 9]

segs contain label 18
 [2, 11, 20, 30, 110, 123, 132, 139, 142, 151, 159, 163, 168, 172, 182, 193, 202, 212, 755, 765, 781, 841, 851, 861, 871, 881, 891, 900, 909, 919, 929, 977, 978, 987, 988, 995, 1003, 1004, 1013, 1014, 1148, 1158, 1171, 1181, 1240, 1250, 1268, 1278, 1350, 1360, 1370]
2   [18, 19, 20, 21, 20, 21, 20, 21, 20, 21]
11   [18, 19, 20, 21, 20, 21, 20, 21, 20, 21]
20   [18, 19, 20, 21, 20, 21, 20, 21, 20, 21]
30   [18, 19, 20, 21, 20, 21, 20, 21, 20, 21]
110   [18, 34, 32, 33, 32]
123   [18, 34, 32, 33, 32]
132   [18, 34, 32, 33, 32]
139   [18, 19, 20, 22, 21]
142   [18, 36, 41, 37, 39]
151   [18, 19, 20, 22, 21]
159   [18, 19, 20, 22, 21]
163   [18, 36, 41, 37, 39]
168   [18, 19, 20, 22, 21]
172   [18, 36, 41, 37, 39]
182   [18, 14, 36, 37, 39]
193   [18, 14, 36, 37, 39]
202   [18, 14, 36, 37, 39]
212   [18, 14, 36, 37, 39]
755   [14, 18, 19, 23, 20, 22, 21, 20, 21]
765   [14, 18, 19, 23, 20, 22, 21, 20, 21]
781   [14, 18, 19, 23, 20, 22, 21, 20, 21]
841   [36, 18, 37, 39, 40]
851   [36, 18, 37, 39, 40]
861   [36, 18, 37, 39, 40]
871   [36, 18, 37, 39, 40]
881   [36, 18, 37, 39, 40]
891   [36, 18, 37, 39]
900   [36, 18, 37, 39]
909   [36, 18, 37, 39]
919   [36, 18, 37, 39]
929   [36, 18, 37, 39]
977   [14, 18, 32, 34, 32]
978   [36, 18, 37, 39]
987   [14, 18, 32, 34, 32]
988   [36, 18, 37, 39]
995   [36, 18, 37, 39]
1003   [14, 18, 32, 34, 32]
1004   [36, 18, 37, 39]
1013   [14, 18, 32, 34, 32]
1014   [36, 18, 37, 39]
1148   [14, 18, 19, 23, 20, 22, 21]
1158   [14, 18, 19, 23, 20, 22, 21]
1171   [14, 18, 19, 23, 20, 22, 21]
1181   [14, 18, 19, 23, 20, 22, 21]
1240   [18, 14, 32, 4, 33, 32, 34, 32, 33]
1250   [18, 14, 32, 4, 33, 32, 34, 32, 33]
1268   [18, 14, 32, 4, 33, 32, 34, 32, 33]
1278   [18, 14, 32, 4, 33, 32, 34, 32, 33]
1350   [18, 36, 37]
1360   [18, 36, 37, 39, 40]
1370   [18, 36, 37, 39, 40]

segs contain label 22
 [40, 49, 57, 65, 74, 87, 97, 107, 120, 129, 139, 151, 159, 168, 178, 198, 208, 218, 228, 239, 249, 258, 267, 276, 283, 293, 303, 313, 325, 335, 409, 419, 434, 442, 446, 477, 486, 525, 535, 574, 582, 590, 599, 612, 621, 708, 718, 728, 738, 755, 765, 781, 790, 799, 809, 817, 827, 837, 847, 857, 867, 877, 887, 896, 906, 915, 925, 946, 955, 965, 984, 993, 1000, 1010, 1020, 1030, 1038, 1044, 1054, 1064, 1074, 1088, 1098, 1108, 1118, 1130, 1139, 1148, 1158, 1171, 1181, 1191, 1201, 1210, 1218, 1227, 1237, 1247, 1256, 1265, 1275, 1284, 1294, 1303, 1311, 1321, 1329, 1338, 1356, 1366, 1380, 1390, 1399, 1409]
40   [22, 19, 20, 21]
49   [22, 19, 20, 21]
57   [22, 19, 20, 21]
65   [22, 19, 20, 21]
74   [22, 19, 20, 21, 20, 21, 20, 21, 20, 21, 20]
87   [22, 19, 20, 21, 20, 21, 20, 21, 20, 21, 20]
97   [22, 19, 20, 21, 20, 21, 20, 21, 20, 21, 20]
107   [19, 20, 22, 21]
120   [19, 20, 22, 21]
129   [19, 20, 22, 21]
139   [18, 19, 20, 22, 21]
151   [18, 19, 20, 22, 21]
159   [18, 19, 20, 22, 21]
168   [18, 19, 20, 22, 21]
178   [19, 20, 22, 21]
198   [19, 20, 22, 21]
208   [19, 20, 22, 21]
218   [19, 20, 22, 21]
228   [19, 20, 22, 21]
239   [19, 20, 22, 21]
249   [19, 20, 22, 21]
258   [19, 20, 22, 21]
267   [19, 20, 22, 21]
276   [19, 20, 22, 21]
283   [19, 20, 22, 21]
293   [19, 20, 22, 21]
303   [20, 22, 21]
313   [20, 22, 21]
325   [20, 22, 21]
335   [20, 22, 21]
409   [19, 20, 22, 21]
419   [19, 20, 22, 21]
434   [19, 20, 22, 21]
442   [22, 19, 20, 21]
446   [22, 19, 20, 21]
477   [19, 20, 22, 21, 20, 21]
486   [19, 20, 22, 21, 20, 21]
525   [14, 19, 20, 22, 21]
535   [14, 19, 20, 22, 21]
574   [19, 20, 22, 21]
582   [19, 20, 22, 21]
590   [19, 20, 22, 21]
599   [19, 20, 22, 21]
612   [19, 20, 22, 21]
621   [19, 20, 22, 21]
708   [19, 20, 22, 21]
718   [19, 20, 22, 21]
728   [19, 20, 22, 21]
738   [19, 20, 22, 21]
755   [14, 18, 19, 23, 20, 22, 21, 20, 21]
765   [14, 18, 19, 23, 20, 22, 21, 20, 21]
781   [14, 18, 19, 23, 20, 22, 21, 20, 21]
790   [19, 20, 22]
799   [19, 20, 22]
809   [19, 20, 22]
817   [19, 20, 22]
827   [19, 20, 22]
837   [19, 20, 22, 21]
847   [19, 20, 22, 21]
857   [19, 20, 22, 21]
867   [19, 20, 22, 21]
877   [19, 20, 22, 21]
887   [19, 20, 22, 21]
896   [19, 20, 22, 21]
906   [19, 20, 22, 21]
915   [19, 20, 22, 21]
925   [19, 20, 22, 21]
946   [19, 23, 20, 22, 21]
955   [19, 23, 20, 22, 21]
965   [19, 23, 20, 22, 21]
984   [14, 19, 20, 22, 21]
993   [14, 19, 20, 22, 21]
1000   [14, 19, 20, 22, 21]
1010   [14, 19, 20, 22, 21]
1020   [19, 20, 22, 21]
1030   [19, 20, 22, 21]
1038   [19, 20, 22, 21]
1044   [19, 20, 22, 21]
1054   [19, 20, 22, 21]
1064   [14, 19, 20, 22, 21]
1074   [14, 19, 20, 22, 21]
1088   [14, 19, 20, 22, 21]
1098   [14, 19, 20, 22, 21]
1108   [14, 22, 19, 23, 20, 21]
1118   [14, 22, 19, 23, 20, 21]
1130   [14, 22, 19, 23, 20, 21]
1139   [14, 22, 19, 23, 20, 21]
1148   [14, 18, 19, 23, 20, 22, 21]
1158   [14, 18, 19, 23, 20, 22, 21]
1171   [14, 18, 19, 23, 20, 22, 21]
1181   [14, 18, 19, 23, 20, 22, 21]
1191   [19, 20, 22, 21]
1201   [19, 20, 22, 21]
1210   [19, 20, 22, 21]
1218   [19, 20, 22, 21]
1227   [19, 20, 22, 21]
1237   [14, 19, 23, 20, 22, 21]
1247   [14, 19, 23, 20, 22, 21]
1256   [14, 19, 23, 20, 22, 21]
1265   [14, 19, 23, 20, 22, 21]
1275   [14, 19, 23, 20, 22, 21]
1284   [19, 20, 22, 21]
1294   [19, 20, 22, 21]
1303   [19, 20, 22, 21]
1311   [19, 20, 22, 21]
1321   [19, 20, 22, 21]
1329   [19, 20, 22, 21]
1338   [19, 20, 22, 21]
1356   [19, 20, 22, 21]
1366   [19, 20, 22, 21]
1380   [19, 20, 22, 21, 20, 21]
1390   [19, 20, 22, 21, 20, 21]
1399   [19, 20, 22, 21, 20, 21]
1409   [19, 20, 22, 21, 20, 21]

segs contain label 30
 [4, 13, 22, 32, 42, 51, 67, 76, 89, 99, 109, 122, 131, 153, 161, 170, 180, 200, 210, 220, 241, 251, 260, 269, 285, 295, 305, 315, 327, 337, 356, 370, 379, 388, 395, 401, 411, 421, 429, 436, 456, 466, 472, 479, 488, 504, 514, 527, 537, 552, 562, 601, 623, 710, 720, 730, 740, 748, 757, 767, 774, 783, 889, 898, 908, 917, 927, 1022, 1032, 1046, 1056, 1066, 1076, 1090, 1100, 1110, 1120, 1132, 1141, 1150, 1160, 1173, 1183, 1193, 1202, 1220, 1229, 1239, 1249, 1258, 1267, 1277, 1286, 1296, 1313, 1323, 1375, 1382, 1401, 1411, 1428, 1437, 1447, 1455]
4   [11, 26, 2, 27, 26, 27, 28, 29, 14, 30]
13   [11, 26, 2, 27, 26, 27, 28, 29, 14, 30]
22   [11, 26, 2, 27, 26, 27, 28, 29, 14, 30]
32   [11, 26, 2, 27, 26, 27, 28, 29, 14, 30]
42   [11, 26, 2, 27, 26, 27, 28, 29, 14, 30]
51   [11, 26, 2, 27, 26, 27, 28, 29, 14, 30]
67   [11, 26, 2, 27, 26, 27, 28, 29, 14, 30]
76   [11, 26, 2, 27, 28, 29, 30]
89   [11, 26, 2, 27, 28, 29, 30]
99   [11, 26, 2, 27, 28, 29, 30]
109   [4, 11, 26, 2, 17, 27, 28, 29, 14, 30]
122   [4, 11, 26, 2, 17, 27, 28, 29, 14, 30]
131   [4, 11, 26, 2, 17, 27, 28, 29, 14, 30]
153   [26, 11, 2, 27, 26, 27, 17, 28, 29, 14, 29, 30]
161   [26, 11, 2, 27, 26, 27, 17, 28, 29, 14, 29, 30]
170   [26, 11, 2, 27, 26, 27, 17, 28, 29, 14, 29, 30]
180   [26, 11, 2, 27, 10, 28, 29, 14, 30]
200   [26, 11, 2, 27, 10, 28, 29, 14, 30]
210   [26, 11, 2, 27, 10, 28, 29, 14, 30]
220   [4, 16, 11, 26, 2, 27, 10, 28, 29, 14, 30]
241   [4, 16, 11, 26, 2, 27, 10, 28, 29, 14, 30]
251   [4, 16, 11, 26, 2, 27, 10, 28, 29, 14, 30]
260   [11, 26, 2, 27, 2, 27, 10, 28, 29, 14, 30]
269   [11, 26, 2, 27, 2, 27, 10, 28, 29, 14, 30]
285   [11, 26, 2, 27, 2, 27, 10, 28, 29, 14, 30]
295   [11, 26, 2, 27, 2, 27, 10, 28, 29, 14, 30]
305   [11, 26, 2, 27, 10, 27, 28, 29, 14, 30]
315   [11, 26, 2, 27, 10, 27, 28, 29, 14, 30]
327   [11, 26, 2, 27, 10, 27, 28, 29, 14, 30]
337   [11, 26, 2, 27, 10, 27, 28, 29, 14, 30]
356   [11, 2, 27, 31, 27, 31, 27, 28, 29, 14, 29, 30]
370   [11, 2, 27, 31, 27, 31, 27, 28, 29, 14, 29, 30]
379   [11, 2, 31, 27, 10, 28, 29, 30]
388   [11, 2, 31, 27, 10, 28, 29, 30]
395   [11, 2, 31, 27, 10, 28, 29, 30]
401   [11, 2, 31, 27, 10, 28, 29, 30]
411   [11, 26, 27, 2, 27, 28, 29, 14, 30]
421   [11, 26, 27, 2, 27, 28, 29, 14, 30]
429   [11, 26, 27, 2, 27, 28, 29, 14, 30]
436   [11, 26, 27, 2, 27, 28, 29, 14, 30]
456   [11, 26, 2, 27, 17, 28, 29, 14, 30]
466   [11, 26, 2, 27, 17, 28, 29, 14, 30]
472   [11, 26, 2, 27, 17, 28, 29, 14, 30]
479   [11, 26, 2, 27, 17, 27, 2, 27, 28, 29, 14, 30, 29, 30]
488   [11, 26, 2, 27, 17, 27, 2, 27, 28, 29, 14, 30, 29, 30]
504   [11, 26, 2, 27, 17, 28, 29, 14, 30]
514   [11, 26, 2, 27, 17, 28, 29, 14, 30]
527   [11, 26, 17, 2, 27, 17, 28, 29, 14, 30]
537   [11, 26, 17, 2, 27, 17, 28, 29, 14, 30]
552   [26, 11, 2, 27, 17, 28, 29, 30]
562   [26, 11, 2, 27, 17, 28, 29, 30]
601   [11, 31, 2, 27, 10, 28, 29, 30]
623   [11, 31, 2, 27, 10, 28, 29, 30]
710   [11, 2, 26, 27, 2, 27, 2, 27, 10, 27, 28, 29, 10, 29, 14, 30]
720   [11, 2, 26, 27, 2, 27, 2, 27, 10, 27, 28, 29, 10, 29, 14, 30]
730   [11, 2, 26, 27, 2, 27, 2, 27, 10, 27, 28, 29, 10, 29, 14, 30]
740   [11, 2, 26, 27, 2, 27, 2, 27, 10, 27, 28, 29, 10, 29, 14, 30]
748   [26, 2, 11, 27, 17, 28, 29, 14, 30]
757   [26, 2, 11, 27, 17, 28, 29, 14, 30]
767   [26, 2, 11, 27, 17, 28, 29, 14, 30]
774   [26, 2, 11, 27, 17, 28, 29, 14, 30]
783   [26, 2, 11, 27, 17, 28, 29, 14, 30]
889   [11, 26, 2, 27, 17, 28, 29, 14, 30]
898   [11, 26, 2, 27, 17, 28, 29, 14, 30]
908   [11, 26, 2, 27, 17, 28, 29, 14, 30]
917   [11, 26, 2, 27, 17, 28, 29, 14, 30]
927   [11, 26, 2, 27, 17, 28, 29, 14, 30]
1022   [11, 27, 26, 27, 2, 27, 17, 28, 29, 30]
1032   [11, 27, 26, 27, 2, 27, 17, 28, 29, 30]
1046   [11, 27, 26, 27, 2, 27, 17, 28, 29, 30]
1056   [11, 27, 26, 27, 2, 27, 17, 28, 29, 30]
1066   [11, 26, 27, 2, 27, 28, 29, 14, 30]
1076   [11, 26, 27, 2, 27, 28, 29, 14, 30]
1090   [11, 26, 27, 2, 27, 28, 29, 14, 30]
1100   [11, 26, 27, 2, 27, 28, 29, 14, 30]
1110   [11, 26, 2, 27, 28, 14, 29, 30]
1120   [11, 26, 2, 27, 28, 14, 29, 30]
1132   [11, 26, 2, 27, 28, 14, 29, 30]
1141   [11, 26, 2, 27, 28, 14, 29, 30]
1150   [11, 26, 2, 27, 28, 29, 14, 30]
1160   [11, 26, 2, 27, 28, 29, 14, 30]
1173   [11, 26, 2, 27, 28, 29, 14, 30]
1183   [11, 26, 2, 27, 28, 29, 14, 30]
1193   [26, 11, 2, 27, 17, 27, 28, 29, 14, 29, 30]
1202   [26, 11, 2, 27, 17, 27, 28, 29, 14, 29, 30]
1220   [26, 11, 2, 27, 17, 27, 28, 29, 14, 29, 30]
1229   [26, 11, 2, 27, 17, 27, 28, 29, 14, 29, 30]
1239   [11, 26, 27, 2, 27, 28, 29, 14, 29, 30]
1249   [11, 26, 27, 2, 27, 28, 29, 14, 29, 30]
1258   [11, 26, 27, 2, 27, 28, 29, 14, 29, 30]
1267   [11, 26, 27, 2, 27, 28, 29, 14, 29, 30]
1277   [11, 26, 27, 2, 27, 28, 29, 14, 29, 30]
1286   [11, 26, 2, 17, 27, 28, 29, 14, 30]
1296   [11, 26, 2, 17, 27, 28, 29, 14, 30]
1313   [11, 26, 2, 17, 27, 28, 29, 14, 30]
1323   [11, 26, 2, 17, 27, 28, 29, 14, 30]
1375   [26, 11, 2, 17, 27, 28, 29, 14, 30]
1382   [26, 11, 2, 17, 27, 28, 29, 14, 30]
1401   [26, 11, 2, 17, 27, 28, 29, 14, 30]
1411   [26, 11, 2, 17, 27, 28, 29, 14, 30]
1428   [11, 26, 2, 27, 17, 27, 28, 14, 29, 30]
1437   [11, 26, 2, 27, 17, 27, 28, 14, 29, 30]
1447   [11, 26, 2, 27, 17, 27, 28, 14, 29, 30]
1455   [11, 26, 2, 27, 17, 27, 28, 14, 29, 30]

segs contain label 43
 [16, 25, 35, 60, 69, 78, 92, 102, 183, 203, 213, 271, 288, 298, 349, 359, 373, 382, 391, 404, 414, 424, 430, 439, 530, 540, 577, 586, 594, 604, 616, 626, 795, 804, 812, 822, 832, 842, 852, 862, 872, 882, 1025, 1033, 1049, 1059, 1113, 1123, 1144, 1289, 1299, 1316, 1326, 1333, 1342, 1351, 1361, 1371]
16   [11, 42, 12, 42, 10, 42, 43, 44, 14, 15]
25   [11, 42, 12, 42, 10, 42, 43, 44, 14, 15]
35   [11, 42, 12, 42, 10, 42, 43, 44, 14, 15]
60   [11, 12, 42, 10, 43, 44, 14, 15]
69   [11, 12, 42, 10, 43, 44, 14, 15]
78   [10, 11, 42, 43, 44, 12, 44, 14, 15]
92   [10, 11, 42, 43, 44, 12, 44, 14, 15]
102   [10, 11, 42, 43, 44, 12, 44, 14, 15]
183   [11, 12, 42, 10, 43, 44, 14, 15]
203   [11, 12, 42, 10, 43, 44, 14, 15]
213   [11, 12, 42, 10, 43, 44, 14, 15]
271   [4, 11, 42, 10, 43, 12, 44, 14, 15]
288   [4, 11, 42, 10, 43, 12, 44, 14, 15]
298   [4, 11, 42, 10, 43, 12, 44, 14, 15]
349   [11, 42, 43, 44]
359   [11, 42, 43, 44]
373   [11, 42, 43, 44]
382   [11, 42, 12, 42, 10, 43, 44, 15]
391   [11, 42, 12, 42, 10, 43, 44, 15]
404   [11, 42, 12, 42, 10, 43, 44, 15]
414   [11, 12, 42, 10, 43, 44, 14, 15]
424   [11, 12, 42, 10, 43, 44, 14, 15]
430   [11, 12, 42, 10, 43, 44, 14, 15]
439   [11, 12, 42, 10, 43, 44, 14, 15]
530   [11, 12, 42, 17, 42, 43, 44, 15]
540   [11, 12, 42, 17, 42, 43, 44, 15]
577   [11, 12, 42, 10, 43, 44, 15]
586   [11, 12, 42, 10, 43, 44, 15]
594   [11, 12, 42, 10, 43, 44, 15]
604   [11, 12, 42, 10, 43, 44, 14, 44, 15]
616   [11, 12, 42, 10, 43, 44, 14, 44, 15]
626   [11, 12, 42, 10, 43, 44, 14, 44, 15]
795   [11, 12, 42, 43, 44, 14, 15]
804   [11, 12, 42, 43, 44, 14, 15]
812   [11, 12, 42, 43, 44, 14, 15]
822   [11, 12, 42, 43, 44, 14, 15]
832   [11, 12, 42, 43, 44, 14, 15]
842   [11, 42, 17, 12, 42, 43, 44, 14, 15]
852   [11, 42, 17, 12, 42, 43, 44, 14, 15]
862   [11, 42, 17, 12, 42, 43, 44, 14, 15]
872   [11, 42, 17, 12, 42, 43, 44, 14, 15]
882   [11, 42, 17, 12, 42, 43, 44, 14, 15]
1025   [11, 42, 12, 17, 43, 44, 15]
1033   [11, 42, 12, 17, 43, 44, 15]
1049   [11, 42, 12, 17, 43, 44, 15]
1059   [11, 42, 12, 17, 43, 44, 15]
1113   [11, 12, 42, 17, 14, 43, 44, 15]
1123   [11, 12, 42, 17, 14, 43, 44, 15]
1144   [11, 12, 42, 17, 14, 43, 44, 15]
1289   [17, 4, 11, 12, 17, 42, 43, 44, 14, 15]
1299   [17, 4, 11, 12, 17, 42, 43, 44, 14, 15]
1316   [17, 4, 11, 12, 17, 42, 43, 44, 14, 15]
1326   [17, 4, 11, 12, 17, 42, 43, 44, 14, 15]
1333   [11, 42, 12, 42, 17, 43, 44, 14]
1342   [11, 42, 12, 42, 17, 43, 44, 14]
1351   [11, 42, 12, 42, 17, 43, 44, 14]
1361   [11, 42, 12, 42, 17, 43, 44, 14]
1371   [11, 42, 12, 42, 17, 43, 44, 14]
